NAME CENTER_RA CENTER_DEC RADIUS DISTANCE_APOGEE DISTANCE_DISP_APOGEE LOG_AGE LOG_AGE_ERR M_H M_H_DISP RV_FIT_MEAN RV_FIT_STD RV_FIT_AMP PM_FIT_RA_MEAN PM_FIT_DEC_MEAN PM_FIT_RA_STD PM_FIT_DEC_STD PM_FIT_AMP PM_FIT_THETA PM_FIT_BACKGROUND_SCALE AMP_RESIDUAL_RV NUM_MEMBERS FLAG MG_FE MG_FE_DISP Z R_GC R_GC_ERR SPACE_VEL_DISP SPACE_VEL_DISP_ERR
"ASCC 100" 285.40540886767747 33.574881572960564 21.9 4.2827 0.0 7.95 0.0 0.0021347850561141968 0.15655235946178436 7.057903189230414 2.9864524830893906 0.026235519654817387 1.0271950775827456 -4.992609578802357 -0.6515723395555361 1.511645684749539 0.0071571526548837566 0.620224445833993 0.8973118997613344 10.263227359950125 4 INSU 0.05307236313819885 0.0409296452999115 0.9600360133738927 7.504616903883558 0.09901758442076974 15.661249949248154 3.7729404151170765
"ASCC 13" 78.45021737196505 44.59494176894108 40.800000000000004 3.75105 1.1731492645332904 7.71 0.0 -0.24033546447753906 0.18682503700256348 -10.268783939494638 1.009545572778551 0.041850375221146124 0.4954710670469295 -1.0774760248818585 0.4722822874991786 -0.6061777303558337 0.032984024773837044 -8.301088919185105 0.8863685415470527 9.598221280090806 14 WARN 0.05855482071638107 0.049628131091594696 0.2571461462423158 11.936385617566366 0.9197207615159361 6.3665595106161215 1.5516189581205952
"ASCC 16" 81.03690394959118 1.6400962437419302 39.6 0.16699999999999998 0.023024083009698777 7.0 0.0 -0.08222613483667374 0.10398655384778976 20.647148559023506 0.7923571679934304 0.10368799902446574 1.3947283810703541 0.09240764271090147 0.6089743151937455 0.6533277714993156 0.06408787716855877 3.345168334506108 0.7283335234814754 35.71266452104407 89 GOOD -0.05281493440270424 0.07403416931629181 0.025567248808370534 8.448083247223982 0.03910108602490991 0.8565223268687927 0.030880868903014863
"ASCC 17" 81.33007261054165 30.181898914348906 11.700000000000001 2.032 0.0 7.265 0.0 -0.11563297361135483 0.2356356680393219 12.2678955118233 3.5179879968882393 0.032202219597356835 1.0503694095092129 -2.0460831809292173 1.5668763082239938 0.9647978123813773 0.03096082882059564 3.4793643501213896 0.4523790348580565 11.417401436154577 9 WARN 0.007980735041201115 0.047615762799978256 0.07428262771021041 10.32650449517301 0.5075376403724662 8.880603134081621 1.871744280060278
"ASCC 18" 81.56212155454405 0.9003005496877041 26.4 2.7003 0.0 7.15 0.0 -0.1648278534412384 0.1989576816558838 33.80797042402377 0.5182431805443632 0.05287820022343158 0.26567249760253453 -0.19542306260021935 1.3795432526946838 1.0443907441540004 0.022849807393645928 0.5778711090684779 0.669399617447777 13.213094862468688 7 INSU 0.09882757067680359 0.252031534910202 0.8186945659547932 10.720832329409333 0.6545443087881504 10.202402857410357 2.5440195197571986
"ASCC 19" 81.92246561709526 -1.9649924424983913 31.200000000000003 0.1789 0.0749395468166397 7.5 0.0 -0.11201287060976028 0.11366275697946548 23.368531788107262 0.86479100168588 0.08399398975456539 1.1949245114065625 -1.2738922518189024 0.6878252779812856 0.5668770061698822 0.06074358797090028 3.0031459586680693 0.6053159130569802 27.50683330773373 48 GOOD -0.08107779920101166 0.10345631092786789 0.03216137630703565 8.453474077469691 0.04078947311038776 0.9320875876907239 0.032433592112796394
"ASCC 20" 82.18977214525806 1.639678221376559 43.5 0.16515000000000002 0.09169004798777237 7.0 0.0 -0.06853173673152924 0.07635783404111862 19.680805885720673 0.2446612060284625 0.04767190882532859 3.6353010998924042 -1.6230103716519286 1.4508966127152516 0.7977825768037019 0.004949072724273041 -2.1636792688075657 0.9660386773282846 12.74268351043029 37 GOOD -0.07618515193462372 0.06257831305265427 0.022229428274415142 8.446686028095016 0.03851230246706631 0.6445711055270268 0.13792613464043996
"B 35" 85.92134245642121 9.094861588534316 33.0 0.49155000000000004 0.795079212704621 8.92 0.0 -0.20944006741046906 0.17242804169654846 28.415516525487686 0.8228431818216414 0.11899038322711658 2.208863059003326 -2.4449791060455253 2.2334240283539852 0.6248486015553885 0.010859853539818942 -2.453201728778134 0.845878030671044 30.178798496232435 53 WARN -0.06770067662000656 0.11428134143352509 0.061917603853018616 8.763724911232826 0.11826557737707398 2.618710915134383 0.5900399237897961
"BDSB 113" 272.25721475627546 -20.07992122861683 6.6 2.3714 0.0036000000000000476 6.0 0.0 0.09500069916248322 0.248272106051445 -3.6905059766156545 5.999999999999999 0.038615416056814955 -1.2815328691117898 -1.9809532838952226 2.3625763792685293 1.4482117725424253 0.029789520582013666 -0.8270319903211023 0.2302557235721756 9.79021342827873 8 WARN 0.09076607972383499 0.10123893618583679 0.012875277607764721 5.982147391397862 -0.5742158207000259 15.536161081160046 3.3047465855126394
"BERKELEY 17" 80.15516335351856 30.58995772217466 13.2 3.24865 0.21992780491561315 9.6 0.0 -0.14473378658294678 0.030080098658800125 -73.44423744170116 2.7839046255044977 0.08188816096369585 2.6425544243739165 -0.38919526410606775 0.5681834283373631 0.5337466963664363 0.09960953638059612 -1.627681553991417 0.6761059462861002 40.55955966328225 8 GOOD 0.057134322822093964 0.018918750807642937 0.1693005518788541 11.535975139179246 0.8113769606186179 6.184843766417987 1.2329400952984673
"BERKELEY 53" 313.9872601486658 51.060283591388 15.0 2.2453000000000003 0.5165980152642865 9.09 0.01 -0.08031167089939117 0.025450021028518677 -36.13827194347004 1.1480777182838373 0.043880830786169125 -3.811267546250198 -5.684023251211717 0.5381988994481284 0.5195433823471263 0.09141828025431721 -24.664307180649 0.8016697018973755 12.473034845760903 8 GOOD -0.018184073269367218 0.013377567753195763 0.17412553535452865 8.6080780431336 0.1492951825940036 3.8385535598026466 0.8737933947796428
"BERKELEY 66" 46.01588745897597 58.739744115356544 6.9 5.6704 0.2230207403185741 9.15 0.0 -0.19832654297351837 0.04371845722198486 -49.820447071961844 1.043788154884454 0.17125075015024424 -0.26690441867595716 -0.1307482545890556 0.532826832167717 0.7538600476060415 0.18036480715932393 3.3499234644669573 0.36403529011358304 51.18864497624675 8 GOOD 0.09341444820165634 0.024895600974559784 0.058822955075905486 13.135072484908878 1.292317143412045 11.463207375889532 2.8420411791655895
"BERKELEY 71" 85.23775365601466 32.26571282608567 8.100000000000001 2.5408999999999997 0.3157593831631224 9.02 0.034 -0.2071070373058319 0.060871366411447525 -9.400356336937783 0.8232121457210899 0.09181288135005003 0.5535466237574294 -1.7164709081386944 0.5725145833269004 0.4502112248563979 0.0871308673852561 -6.363664393995047 0.6513147675237215 16.54382163131487 8 GOOD 0.01859431155025959 0.03996687009930611 0.07489154595020639 10.837058099428381 0.6346133819868806 4.118874715988928 0.9885861923600404
"COLLINDER 106" 99.30756109845659 6.069533984954658 30.6 3.8129 0.529328332512062 6.415 0.0 -0.16161969304084778 0.19194883108139038 49.24262305783202 0.36998868354102005 0.06303255266201652 -0.6035317098728414 0.12864062069869403 1.142212431479289 0.5970125478058749 0.0061350725765261915 12.708703004579682 0.9788813689742504 13.597353314890668 14 WARN 0.0015867581823840737 0.06493458896875381 0.012927717376275853 11.847247638243402 0.9074562413302323 10.723088054971317 2.677580497799692
"COLLINDER 185" 125.8348808069846 -36.33050139087132 7.800000000000001 2.2098 0.0 8.18 0.0 0.10150022804737091 0.12927760183811188 37.429704174423634 3.526284851058945 0.034070490255945426 -2.8378145317032706 3.068924039026095 0.7679373842286215 0.4795701582720028 0.06274969298052774 -1.5211278345821428 0.6674634142143844 11.837753039764602 5 INSU 0.023683300241827965 0.04988997429609299 0.05033232155253406 9.12317261344068 0.2634560690715417 5.609936806189586 0.848347618534184
"COLLINDER 69" 83.83514188194341 9.830567676553908 32.1 0.19390000000000002 1.1437437886838093 6.76 0.0 -0.15927812457084656 0.1336851865053177 27.048362887721844 0.623976837015509 0.029470508146341053 0.8138017024711087 -2.1228927442477143 0.5799050894963801 0.6312228943604059 0.039952876468106226 8.248555347720298 0.8983791939413212 12.395039110404195 101 WARN -0.0564047135412693 0.09835492819547653 0.012735271060904534 8.483282689844147 0.04688320190211632 0.7216096703821402 0.045514018398468435
"CZERNIK 18" 66.95718633976765 30.945109352921452 8.4 1.4397 0.5122957630987093 8.68 0.0 -0.21687881648540497 0.2620735764503479 -16.973176965886942 4.171300571015317 0.04117575094889493 1.4591427759650348 -1.438886867520151 1.1035964279581785 1.8159406813496264 0.03030855406259602 11.836192254690234 0.14973575984838525 10.729608075169025 6 WARN 0.04848978668451309 0.08716124296188354 0.2753670869578788 9.682342671111288 0.355595179243911 7.8684139654976235 1.4142681763398501
"CZERNIK 21" 81.68260599284515 36.015109476979966 15.0 2.7471 0.0 9.35 0.0 -0.37143653631210327 0.038644999265670776 44.71190786098947 3.149930684331802 0.03412519311565875 2.138099506823106 -0.9684253697597005 0.5840166661872624 0.5220777020134136 0.08792063375609188 -5.419352005124223 0.7602079724784766 12.353995615302722 6 INSU 0.005556464195251465 0.010087251663208008 0.05799424379365678 11.026234976201376 0.6829082270890889 5.652038267627695 0.974138541699784
"CZERNIK 23" 87.52465055659721 28.899618174615156 8.4 2.3116 2.172110869382336 8.48 0.0 -0.2936195433139801 0.06563833355903625 10.270537429829014 2.069540702232579 0.035207629028799044 0.52239428938299 -1.576193936381781 0.9076663917964851 1.0077430533298994 0.12123980935421257 1.7415931665917312 0.10323567126238284 9.938119753649849 5 GOOD 0.023949438706040382 0.06024814769625664 0.06759696935242412 10.611119876270408 0.5779062201339962 7.143314682403071 1.6359333170911392
"CZERNIK 30" 112.79723728129815 -9.939974667465325 6.0 5.0685 1.0358451694148116 9.2 0.0 -0.23091153800487518 0.18047110736370087 80.51627688433217 5.070970738142438 0.047711419586399434 -0.9251483908423928 0.5680125991563779 0.642846492946307 1.1206492358417215 0.22130691962049445 -3.520454382787589 -0.14030190460764852 11.327822069183501 5 WARN -0.016571294516324997 0.027273433282971382 0.40619762926821507 12.343273733168909 1.1086426349842518 15.153794982974977 3.3642192993247626
"DOLIDZE 16" 78.64987339089915 32.659689928026026 9.0 3.61885 1.1251562480384667 7.6 0.0 -0.27868878841400146 0.10735604166984558 8.811978582651424 2.60461531478384 0.040883696434439676 0.8157344019336108 -2.1443804510269957 1.4931479965100831 0.8763463669063773 0.04664345232968405 8.297328015507405 0.3715132170229231 10.29578363818565 6 GOOD 0.02303145080804825 0.06318349391222 0.18276501294501538 11.895122612238486 0.9021050981935149 13.90946780603328 3.355435238652564
"DOLIDZE 53" 296.5771344055254 24.631799702380917 7.5 4.8586 1.4717000000000002 7.335 0.0 0.11670030653476715 0.14219029247760773 -30.3829537132391 2.14081113439332 0.02633116703964037 -2.7221989571420977 -5.401744644671427 0.7644502945321027 0.5739295188353919 -0.046724930185899786 -9.256493132301069 1.1152726324294349 9.783033055894412 7 WARN -0.00756478076800704 0.0496833361685276 0.010592530497521267 7.300087655272158 0.13711116795076347 10.352230517286843 2.477379251712912
"FSR 0129" 291.74252370443264 13.974674379940355 7.0 3.92705 2.4398917979196444 8.48 0.0 0.02784987911581993 0.1872672587633133 11.666802499655553 2.851923034964816 0.04440334114999849 -2.539771177837733 -5.135470334323327 1.3651422158568318 0.8460590560706837 0.09030129825928208 8.436009967648552 0.2652551650306103 10.158959738175511 7 WARN 0.046302128583192825 0.07194061577320099 0.07259140124289928 6.4719983395412 -0.22380382290141015 14.046893843967604 3.366967882148116
"FSR 0165" 299.51275557051713 26.75446415094501 8.7 3.0116500000000004 0.7555185364297086 6.91 0.0 -0.008000974543392658 0.12165050953626633 9.59906882315669 1.934143944201695 0.048922164809086864 -2.3940654386217473 -4.70868316234335 1.228370473051863 0.7699728561325829 0.07090344953822034 5.132493162614027 0.5252679746108843 13.305708801949173 7 GOOD 0.029600705951452255 0.028321782127022743 0.04496875721419527 7.491434022113372 -0.061767772935884445 9.715987322404837 2.332740200349499
"FSR 0338" 327.9324543819556 55.313387489083475 4.5 3.1757 1.8946479260257694 8.1 0.0 -0.0692586600780487 0.10130926221609116 -97.76274266439628 3.1281744964359164 0.04761524115618472 -2.8388785299348265 -2.3415464032934867 0.7967213510185517 1.4842876547565538 0.06570243413003068 -8.647957605578334 0.3482098108809073 21.279325672319104 11 GOOD -0.005327526014298201 0.0770922303199768 0.08059297108366978 9.35012635458643 0.3827168420829574 12.078783793745313 2.8171615739652145
"FSR 0494" 6.419490326291072 63.750416337983914 9.9 3.73055 0.9940413145337572 9.3 0.0 -0.1787448674440384 0.1807209700345993 -63.01902466395753 2.097382164605442 0.05858539245183527 -1.8201432212781015 -0.3373769551225847 1.2233767953820083 0.8265055112876488 0.06554947513841208 -0.10964973874655475 0.435536260782332 13.308872257680063 8 WARN 0.06164494529366493 0.07770506292581558 0.09955888586245928 10.669490170405568 0.6898163854700222 12.19301203120095 2.9580576579320454
"FSR 1063" 98.65740350629906 -0.26683425973256725 10.5 3.2535499999999997 1.7948909540345341 8.86 0.012 -0.2705654203891754 0.18096646666526794 61.12407546704695 3.745255291614088 0.03366297499157932 -0.1632591388678958 -0.029442307016278653 0.7824763403580234 1.279281611257243 0.06048805133066332 -0.21590881454364289 0.5258088437336674 12.172433839347674 7 WARN 0.02009849064052105 0.039586279541254044 0.18305910318183102 11.20311050123818 0.7513935257733202 11.280047555498173 2.509132499174492
"FSR 1077" 100.5151810941478 -0.8830661101025107 10.200000000000001 2.0455 0.8691716369049326 8.935 0.0 -0.11186162382364273 0.2247987687587738 39.11141553366189 1.88817432958688 0.04473291908764992 -0.008617474216810547 -0.08943149859094542 0.9471648723691488 1.2350641954514547 0.08671867460560678 -0.10844680785205882 0.08944978780827093 14.341453808784939 29 WARN 0.034258440136909485 0.04684992507100105 0.05623727053913302 10.081369726215243 0.45824881656645666 7.195107573470912 1.6749009727332635
"FSR 1094" 92.49786609117513 -6.319797518870792 9.6 2.0601 1.861341217151403 8.85 0.0 -0.21783030033111572 0.31768834590911865 53.36743536622928 3.1919408613631566 0.03766199058719643 0.4565740118736994 0.07976166946608985 2.565247219549686 0.9072341727070938 0.04464875195875204 -8.609686124767624 0.04799467003010571 10.073220354467153 8 WARN 0.030454957857728004 0.09396782517433167 0.3987294421330113 10.036541831408044 0.4592447209588938 12.634056663364326 2.9569065837731636
"FSR 1223" 106.8414457278022 -15.979845137089304 12.0 2.35535 1.3636499999999998 8.95 0.0 -0.13739588856697083 0.1575804054737091 64.91625837225854 5.183257171044732 0.035274799875905705 -0.6852814608427723 1.2736957093525711 1.0030793431392528 0.8568307624380976 0.10675038357424668 7.182197176695268 0.2418843988337239 13.403693865703696 6 WARN -0.005980739835649729 0.03695933148264885 0.12371290547881256 10.001973684775857 0.45951691686999174 8.531249128958619 1.3455256113466518
"IC 1369" 318.0476022341791 47.75536793060276 9.9 1.7443499999999998 1.6572339197356005 8.54 0.0 -0.06469053775072098 0.1801023930311203 -48.61300259732054 2.511617654553748 0.07586784046367105 -3.2219940904697646 -3.854463765048107 0.8143569946041275 1.6798197167280318 0.05614331674893893 3.90157664549282 0.4704464263884655 21.711145505997894 12 WARN -0.02298741787672043 0.06573830544948578 0.014328788881602026 8.469438806866535 0.08684722258612758 7.532480409082026 1.6737527060055208
"IC 166" 28.094388265466858 61.86464355408735 14.7 4.8021 1.0463132721354116 9.0 0.011 -0.0976426973938942 0.035072214901447296 -40.31203848182213 1.5671714358901019 0.18744764166617153 -1.437107401756578 1.1084914944883177 0.5035451626288512 0.5286504919053475 0.13905961546573387 -6.346267779082309 0.7670233473634543 101.7276397160257 20 GOOD 0.03323496878147125 0.03369322791695595 0.02347514242240387 11.968389788618282 1.0174022305075698 7.804676025622275 1.8724973773268327
"IC 348" 56.15192562351191 32.149871793782275 15.600000000000001 0.43285 0.3598051494289035 6.78 0.0 -0.09899036586284637 0.13107918202877045 16.016978823571606 1.1701797448708164 0.12213307271632269 4.285462142167384 -6.72311963464077 1.0045389482451665 0.8617597371652012 0.0768443482034367 -0.09748131004411563 0.44145799742937236 116.44325745776776 271 GOOD -0.0815156027674675 0.10801944881677628 0.10410643727730062 8.689961895782409 0.1028218127022717 1.711777504175576 0.22795918054306
"IC 5146" 328.3724656648908 47.26469121352777 9.9 1.0607 0.865 6.0 0.0 -0.2645390033721924 0.06493999063968658 -5.259312046582351 2.7739409142202973 0.04937183087535338 -2.7952487470867324 -2.7147016762037004 0.833266182293971 0.5969773912916981 0.06933000642415255 -8.365099446469165 0.5649812059014072 16.539547544790803 5 GOOD -0.06075099855661392 0.020703501999378204 0.07450905744176303 8.44702869562723 0.05326092716537974 3.649215241498341 0.38515292406334584
"KING 5" 48.69281281958064 52.69712179858761 13.5 3.35145 1.02515 9.09 0.02 -0.1390262097120285 0.042003802955150604 -43.08406093816642 2.0558211757795593 0.03619199899884315 -0.33504093105103117 -0.989182144534151 0.8235157969645877 0.6480919409205464 0.11076678959801872 -1.9784587561098264 0.5423434691758796 13.058237893799971 10 INSU -0.007039973977953196 0.06844417005777359 0.21411683131636475 11.172753215184573 0.7534337703988482 7.930335027506593 1.8493485060289774
"KING 7" 59.77713158702322 51.78185530787293 21.0 1.6296 1.2217945353727306 8.85 0.014 -0.11099554598331451 0.04807523265480995 -10.17777950239462 0.6574953578711396 0.08704362170509487 0.5269598772397328 -0.8739348481090997 0.6247481802048191 1.2663282705967216 0.027797505710235572 -0.6073967110150859 0.7881593464753058 19.60411111643816 8 INSU -0.028102796524763107 0.017466550692915916 0.002514182535987095 9.742762983749483 0.36810355585336 5.061042612088286 1.2439063502253738
"MELOTTE 20" 51.675203961413196 48.800471258750356 183.0 3.0905 1.2659103758025787 7.7 0.0 -0.20761001110076904 0.16835546493530273 0.7505458959707231 1.0545368107409085 0.03388723494232958 0.017917487158070802 -0.6998794131722083 1.1593481648465378 0.8751421823248758 -0.015567597503643765 -5.50061402433211 1.0981002735321341 23.97197064205528 119 WARN 0.033107154071331024 0.050910670310258865 0.3158779937464843 11.014655806990147 0.7077394346325505 9.84651407745914 2.4333939615187417
"MELOTTE 22" 56.50554134538733 24.37007002165355 186.0 3.4375999999999998 2.58158404518754 8.15 0.0 -0.3039608895778656 0.23032619059085846 5.9751283380579086 0.805100175534756 0.20810665131028913 0.03840890616849613 -0.9266734384815541 0.635199275336413 1.0975934088605026 -0.003585081905894012 9.09650705635941 0.906592945890719 209.65884439009702 26 WARN 0.06913329660892487 0.05607995763421059 1.3328397039799886 11.391177185715367 0.8674733291085128 9.54085110327598 2.368228277118886
"MELOTTE 71" 114.38983964694407 -12.055491296547178 20.400000000000002 2.17055 0.3868519602724881 8.975 0.0 -0.12115298211574554 0.024579042568802834 51.06868960317913 1.2455463425305167 0.03799391179645024 -2.409161913040095 4.245926855169322 0.5349136132889868 -0.5712809047825234 0.053332832595874964 -2.312357882641334 0.9197716542014048 11.635180073504866 7 GOOD -0.06147915497422218 0.014745823107659817 0.20252135232652044 9.856520481215872 0.4196046819971661 3.9083084093835425 0.8778407109913554
"MORGAN 8" 84.11257012969001 -6.4195966447201345 13.8 0.45820000000000005 0.8897907917797838 7.2 0.0 -0.367151141166687 0.4659223258495331 24.853166181604564 1.1661763660599402 0.061960107128779945 1.0338493896601029 0.31437148031552903 0.9304205330738002 0.6703901922558195 0.12497301096924406 -5.165359313978677 0.4503838127650364 85.84781905195064 324 WARN -0.11718881130218506 0.12977617979049683 0.12538384866735872 8.676536804432342 0.10082663127364365 1.6349478157038728 0.2007842438005874
"NGC 1193" 46.47011823105913 44.37970330123741 4.8 5.0678 0.0 9.3 0.0 -0.3459315598011017 0.0 -85.42073256991169 3.3723162459501306 0.04908722636805676 -0.08805661814212708 -0.48512552211995474 0.6942940161704123 0.5302031766798839 0.25371387188307126 -1.8849580547804314 0.11687873113573202 12.800378507379786 5 INSU 0.10944169759750366 0.0 1.0279552257620992 12.740938451687422 1.1946061121724394 10.226712429136953 2.2786680199394107
"NGC 1245" 48.70100533820163 47.252720192504185 22.2 3.1873 0.19183844823763097 9.025 0.011 -0.08028088510036469 0.024683132767677307 -29.18249336211029 0.7884877082894974 0.18582701860549602 0.5538046346470598 -1.6692211998651598 0.5706212766835977 0.49354510918760397 0.14652592852463106 -5.527328003807158 0.722300708204933 57.69343982554131 26 GOOD -0.027808239683508873 0.02442733570933342 0.45798969418935875 11.068176344314825 0.7286240216992024 5.408706175103759 1.3234398715480524
"NGC 1545" 65.29479507347581 50.251596061356665 7.800000000000001 3.732 1.1969147436790826 8.81 0.017 -0.3063153624534607 0.13436725735664368 -16.233132833933908 3.3747152074852393 0.0461405261839979 -0.9077784254709993 -0.5401856936902969 1.7128324038409757 0.6573191137092722 0.047857098345081166 6.639159396257722 0.5289883778040296 11.612898161467681 15 WARN 0.05818634107708931 0.04004457965493202 0.051464945995860795 11.755931850375807 0.8851148654371936 15.308042460207279 3.641018468093175
"NGC 1664" 72.80857542630154 43.65981450718009 18.6 1.0469 1.6068917414962616 8.75 0.023 -0.26164624094963074 0.20702281594276428 9.915689760636887 1.9640325594962396 0.04258326171616733 0.9515824057174322 -1.269650987575568 1.4208362259917553 0.9612242854367203 -0.029576196772386272 -2.861110086419623 1.3385738172677182 15.50262441971677 7 WARN 0.02199944481253624 0.07401827722787857 0.022247754269906914 9.299732781190842 0.2512439065873545 4.3813168467339105 0.8752227899328514
"NGC 1798" 77.9094264919871 47.69522577932859 9.3 3.7276 0.48999358605496046 9.3 0.0 -0.2854281961917877 0.07675601541996002 2.692216139484153 1.079748752653432 0.21586184287250557 0.9480007010713744 -0.3563943441938484 0.5254481591136166 0.6686572907457478 0.14830385318669645 2.786924509575348 0.620215770431636 39.49065751800861 14 GOOD 0.018410243093967438 0.04346510022878647 0.35355765755660795 11.868074587918553 0.9077959012352326 6.996860311635474 1.7075586306979003
"NGC 1802" 77.52762030665572 24.180357885579213 11.4 3.2721 1.3562500442320136 9.15 0.0 -0.20928046107292175 0.20983615517616272 28.938542140420772 5.9999999999982 0.0416833427956982 0.7984915781547474 -1.848505523524761 1.410130166244205 2.2859962016109865 0.0250845478711686 -6.036392698229831 0.24893435983360915 9.889984710380089 20 WARN 0.0339350625872612 0.05375167354941368 0.48801071179582833 11.531211888669391 0.820910383632556 20.083297714674845 4.572690853801755
"NGC 1857" 80.01409406363565 39.29028355911117 9.9 2.632 1.5953899758366292 8.67 0.053 -0.10597465932369232 0.13472922146320343 0.13727475540595188 2.2224338780093937 0.04826622587474445 0.5473796212407375 -1.3546766648416564 0.5609676568610302 0.6579557881152787 0.08562461564220142 -7.634057510783096 0.6455798835079589 17.939051490739633 16 WARN -0.036737337708473206 0.024197682738304138 0.09151422562458186 10.890585860580101 0.6503369303517087 5.437726437630343 1.132350843264986
"NGC 188" 11.854316510262091 85.25504683381676 34.199999999999996 1.8461 0.1756812385482715 9.65 0.0 0.09965895116329193 0.028650157153606415 -41.95829897463991 0.33020656825210043 0.1873216365510441 -2.320959665800958 -0.940022633336883 0.5414595949862114 0.5167485154550808 0.08530887322556972 -5.028213216160832 0.8090756849055886 48.91269085288668 29 GOOD 0.03258536383509636 0.026338888332247734 0.7330259316636177 9.334247200269045 0.31384213631229246 3.098105571496906 0.7657277597094966
"NGC 2039" 86.5497115076531 8.674572115113842 10.799999999999999 5.2444500000000005 1.69955 8.58 0.07 -0.3058169186115265 0.24317054450511932 55.37742326705127 5.5499911513192695 0.040183797100261015 0.556903141250341 -0.26235556704817425 0.6254681308488804 0.6530570223192472 0.05828169362805593 7.351589169746818 0.3899110268039383 9.874094531990114 10 WARN 0.03503168746829033 0.04941354691982269 0.892107030541642 13.314240368934895 1.2956912301501526 11.737139317860148 2.278196472976611
"NGC 2158" 91.85706584770922 24.092482013572997 15.0 3.9254 0.3396548839120221 9.33 0.0 -0.19585111737251282 0.08777381479740143 27.75291087505754 2.2161703021648145 0.17918199777577562 -0.2060475998455511 -1.9798407488647471 0.545814257733134 0.5158803119376583 0.2168884382352498 1.1923058098965944 0.5620945176081648 inf 27 WARN 0.02156098000705242 0.03467554226517677 0.16166966616385334 12.205165107577189 0.97850186793219 6.800380252885152 1.5195385860260031
"NGC 2168" 92.30269091546742 24.359779621072192 58.8 4.0632 0.40970616299977736 8.255 0.015 -0.1873815357685089 0.11924329400062561 29.159797532048476 0.5167632685297211 0.04876256443612468 0.26314309781178274 -1.5348086661297313 0.7907861761430276 1.5881439378086366 -0.03350856350058091 0.03156251551947153 1.4569036663892976 12.10179631778638 24 GOOD 0.004258947446942329 0.0353301540017128 0.20076690335965328 12.3413431888632 1.0130687768510163 15.728960176983371 3.9279955761961958
"NGC 2204" 93.88814462396702 -18.659899575091448 9.3 3.6856999999999998 1.1921669638737964 9.29 0.018 -0.28193074464797974 0.09555914252996445 92.08981620040333 1.0086640364462272 0.20238697090626545 -0.5365030977216663 1.9566264667420412 0.548471412167525 0.5088177590460671 0.20929302542247677 5.347151800830423 0.37650005215084587 78.57470928489535 27 GOOD 0.014319952577352524 0.04938255622982979 0.9873469514970213 11.060116102719174 0.7873207182982822 6.493244546338298 1.5841395355783512
"NGC 2243" 97.3915539311635 -31.28519945404134 9.9 3.9239 0.5968686208693772 9.135 0.0 -0.4672815203666687 0.03887467831373215 59.79123056921762 3.96771255135105 0.04274457016229759 -1.2988643019371842 5.502841889705576 0.4975496113824764 0.5150009902580807 0.14041428197059114 -1.0310668289882066 0.5692577513520881 31.61625032852244 15 GOOD 0.04689303785562515 0.024188632145524025 1.1803650957684668 10.693504996515493 0.7466326338940936 7.300076396490104 1.285889710774008
"NGC 2252" 98.62478001726834 5.369869980696022 13.2 4.4153 2.271536261598107 8.86 0.02 -0.29507553577423096 0.1521976739168167 54.889948858782574 1.188797397483241 0.04741440798905816 -0.08246477144348062 -1.0386478472732454 1.1898291751196397 0.9171108092420232 0.036424088884996667 8.134827937485674 0.609460992350206 11.462151678283076 11 WARN 0.03718337044119835 0.047562483698129654 0.06060573946287576 12.414322498092865 1.0546382060637451 14.513712869994713 3.604085045201522
"NGC 2270" 100.99477296467153 3.469860830925165 12.0 5.0618 1.5200726174174124 8.915 0.036 -0.23983192443847656 0.19610756635665894 41.461615526539966 2.592129441882939 0.038349534267181566 -0.08639102925563812 -0.4939629863377042 1.124182472737253 0.8584278147414467 0.09129940894151294 8.319989112730205 0.35527446237658217 10.787670001221448 10 WARN 0.023745903745293617 0.0672878623008728 0.034766884827579 12.961694932460095 1.2029540636904605 15.827400316520999 3.8507187039658963
"NGC 2304" 103.80037990523853 17.9803311219382 9.0 3.7417 0.8501758109944084 8.835 0.0 -0.21201154589653015 0.044572945684194565 42.84661158456143 1.858726588456961 0.03387486100025639 0.21514409446545432 -1.3840823370169268 0.5851956335405716 0.9273709106427874 0.10141887382107256 3.596170304660664 0.4447555687597745 9.828713002943932 7 GOOD 0.025046691298484802 0.02770889736711979 0.6171633396925986 11.87960149521622 0.9189067030576588 9.13884495128732 2.1902008114754947
"NGC 2324" 106.0422456771988 1.0383940088791983 16.5 2.71235 0.4281056554429318 8.68 0.0 -0.1775398850440979 0.043738652020692825 42.30587008328916 1.2916176046962695 0.048507310756401405 -0.08509724289845136 -0.3901124129096766 0.6316659105886697 0.71462010400955 0.05293997060403159 8.001218027806036 0.6933940613844074 10.501222604610076 6 GOOD -0.03272106871008873 0.028297455981373787 0.19076010586668474 10.663557250305766 0.6128017494265692 5.787567131342945 1.3748288590328022
"NGC 2420" 114.59507955747304 21.567061561543156 18.3 2.185 0.4257773709915048 9.365 0.016 -0.20083320140838623 0.06711925566196442 74.22496473196384 0.9305876906977144 0.1288845307118691 -1.1512006701151691 -2.162050582241828 0.5040949829775255 0.5885314888092631 0.12996693464509038 1.5888344541276915 0.5261430372925956 38.14111075047358 18 GOOD 0.004117980599403381 0.02689841203391552 0.7674307071492442 10.273516875881567 0.5356253285805768 4.177669676806287 0.9925946617151463
"NGC 2664" 131.84214093038497 12.600140277623755 11.4 0.5392 0.2312 8.29 0.0 0.016060858964920044 0.09969373792409897 25.943431818857484 2.4254909157924303 0.0315828470742548 -4.8838388784978015 -4.341334214785483 4.368618689201275 5.873472381114779 0.004634851202038395 5.635036603707528 0.0062396813595698266 11.182887510665534 10 GOOD 0.014215034432709217 0.06601455062627792 0.3087927392594793 8.68298881885765 0.11472453083243657 8.942629195196687 2.071192071230765
"NGC 2682" 132.84799511795106 11.815046562240159 61.800000000000004 0.7541 0.12481103506599028 9.535 0.009 -0.006525931879878044 0.057764265686273575 34.04752462163068 0.6552674065235643 0.2086995635415379 -10.975770781505519 -2.95377012389207 0.5540427574166704 0.5641780942541046 0.14262699853831315 6.778443141800392 0.6470830099992074 129.0481210672178 381 GOOD 0.004325313959270716 0.03412197530269623 0.4274399661733661 8.826391832074556 0.16009075829272695 1.675161718978176 0.3547107398274967
"NGC 3590" 168.25699823994037 -60.77512508098383 9.9 3.0602 0.0 7.4 0.0 0.34579846262931824 0.0 23.053593042859834 4.956564622891613 0.05123964708857658 -6.687977213171682 1.9765600284594396 1.1189061458190475 0.6919095032305861 0.03858298477027529 -6.3469627815661624 0.7569454073368431 11.755383531845622 5 INSU 0.04571568965911865 0.0 0.01463753602174531 7.738290086764771 0.005751474909439244 10.082039437258969 1.911319302835925
"NGC 4337" 186.00073490381791 -58.117364197538315 11.1 2.6048 0.3441375977321273 9.15 0.0 0.2215580940246582 0.16236954927444458 -18.16328450176101 1.310694858813461 0.055592837443027704 -6.826056750994964 0.4926975954423788 2.2142468321629494 1.003618380905883 0.04896464059479326 0.26120588870076106 0.15526679486664718 14.532291861424468 17 WARN 0.03026745654642582 0.03915758803486824 0.22999800829443848 7.384156321670066 -0.12854231778447137 13.871772336470801 3.436982350131254
"NGC 5045" 198.63091414185172 -63.42008534088585 18.9 8.62915 0.9047499999999995 7.955 0.159 -0.2079428881406784 0.13983549177646637 40.6293639000335 3.8515531835449037 0.022946185824187493 -6.6261534832388005 -0.5677117066676959 0.7182657575856519 1.2343691405682267 0.024786988621179038 -8.072983156114862 0.8465753774403897 10.29178867110679 4 INSU 0.1126529797911644 0.145565927028656 0.08930771145442776 7.755346092200441 1.0592677683391816 27.149621247807318 6.650806151043894
"NGC 6451" 267.6703396319704 -30.199910149920143 13.2 4.01205 2.03495 8.45 0.0 0.21047130227088928 0.24772793054580688 -46.604864558700946 4.124262122865566 0.014252762313080434 -1.8559261700953325 -4.142107909707927 2.6731171843282446 3.3717239008308675 0.007405264883481946 0.3633666909661122 0.5719927829866999 9.686686191252035 21 WARN 0.10178078711032867 0.09103606641292572 0.09771263667010302 4.290157173321292 -1.0024183953615244 37.87209648428353 9.355741334817141
"NGC 6705" 282.7464808715114 -6.280113030601335 21.0 0.9349 0.6123972072179004 8.505 0.031 0.1719643771648407 0.05603915825486183 35.50914778838443 1.649663928146296 0.09683204200892011 -2.3135892530810254 -5.049191244073348 1.2936829042932239 0.7926362881646378 0.016817774374809344 -3.916769878999812 0.8935353910436586 29.121622260337837 15 GOOD -0.05823115259408951 0.03552275523543358 0.020699115275110713 7.482461019525465 -0.201208708980285 3.4922755140928574 0.6782538456853795
"NGC 6791" 290.2201462334416 37.78013225453372 12.0 4.6523 0.9485237370207427 9.645 0.0 0.34632208943367004 0.04982268065214157 -47.053333615357595 1.3887823033984001 0.14194938056771014 -0.4234520379462993 -2.2692194802461505 0.5190109821586959 0.5052518072492692 0.15591580021154428 5.402164644287466 0.6646535787140087 74.9642613086674 59 GOOD 0.09923931211233139 0.03395643085241318 0.9022794419482321 7.9838029223065705 0.2635202102489215 7.588406788128443 1.8335601546476832
"NGC 6811" 294.3414671434377 46.39482626703294 12.0 1.1284 0.056665347435624194 8.805 0.017 -0.004520691931247711 0.04933928698301315 7.86716727720428 1.1174482817572322 0.04857097712838153 -3.36138418465784 -8.755680044943421 0.5375309167990531 0.5456519132944972 0.1338447697070065 2.1102260136808164 0.680854390493009 17.710828646656402 8 GOOD -0.04167709872126579 0.014967171475291252 0.261033131502002 8.165121331095245 -0.014634808935643007 2.1911858558685173 0.4053290120326095
"NGC 6819" 295.3199768409538 40.19459205089059 12.0 2.3716 0.609524230472276 9.21 0.024 0.0567154698073864 0.09888464212417603 2.7386462297029537 1.175320889360664 0.15845580056974734 -2.928738789648654 -3.8757696184687207 0.5401167463117775 0.5668451737808536 0.16129407418234717 -3.0632304914657227 0.548688661628098 67.19716105015301 48 GOOD -0.008232684805989265 0.021644456312060356 0.3749504814535187 7.976853050814235 0.006053523816405552 4.240816280966214 0.978770502889939
"NGC 7062" 320.8626395339055 46.39004470013736 7.800000000000001 2.2546 0.42783595765978655 8.84 0.026 -0.005474031902849674 0.21829041838645935 -24.713444642995025 4.26950283475331 0.033152612727118266 -2.710816118912196 -3.2165681707752234 0.8711829424900354 1.3744229783873794 0.08362074771179955 3.7699233631688105 0.24594961136859783 10.228588374567993 5 WARN -0.03541260212659836 0.043911904096603394 0.0807788061522782 8.599135576640393 0.1474696445925523 9.068810363648534 1.7646930630628583
"NGC 7789" 359.3545284203266 56.73035322404366 24.9 1.97375 0.7561518879325547 9.265 0.009 -0.017932893708348274 0.08510620146989822 -54.774684283207655 1.120645073937246 0.1188775158154276 -0.9082399877664509 -1.9504734272363737 0.5105075703465287 0.5302763472596351 0.14702024495499103 17.364910386187876 0.7229819171822793 39.33871180810779 25 GOOD -0.016767559573054314 0.033481989055871964 0.15475323951805223 9.318012418388943 0.2940122962500205 3.2260804057625503 0.7092003493122827
"NGC 7790" 359.5944217946928 61.19808250865962 8.7 3.68935 1.4413634399740236 8.1 0.0 -0.20657674968242645 0.2836996912956238 -89.15114647147011 3.420303864701368 0.044687304435208505 -1.9967916395000203 -0.8841334481211638 0.92871813841871 1.0618348050208049 0.05556784905820879 -17.118826186052075 0.552802169641461 13.292323301737458 10 WARN 0.07647933065891266 0.08691311627626419 0.03317408470904307 10.483450917145857 0.6513781318330908 11.853981327755205 2.716774879893293
"RUPRECHT 147" 289.09199615953145 -16.24989233370735 79.80000000000001 5.43555 2.6245230426879473 9.33 0.0 -0.227855384349823 0.34749338030815125 42.27604450516211 0.40468043959009065 0.08133567832120892 -1.454573477686921 -4.215295895834571 3.398474461404376 2.4993518184407013 0.010536364936984888 -0.9232944256202813 0.2923750755438517 30.597458294152425 17 WARN 0.1911872774362564 0.1504041999578476 1.1868461246833981 3.8555189799296974 -0.8151169391290889 50.00748888198531 12.501053511829642
"RUPRECHT 168" 268.20694349785134 -28.43995215288895 4.5 6.91915 1.0027499999999998 9.1 0.0 -0.07683604955673218 0.04459550231695175 13.825927088333687 4.017141541875842 0.027049557771847102 -3.706724198727197 -6.110419379630107 2.831333802395607 0.8438151142234082 0.015167831647237387 -3.6130223984435315 0.703292730793814 13.009672867675892 4 INSU 0.17213070392608643 0.04445900768041611 0.12831821260264822 1.3922256563510071 -1.7132425670549618 44.759939553952016 11.099851689424959
"RUPRECHT 96" 177.69836902319926 -62.14958902277489 7.5 3.77355 2.3051500000000003 9.06 0.02 0.10604327917098999 0.14504756033420563 -6.949650462705165 1.2606645943083818 0.07259723944809846 -5.710060851932501 0.5343628991332442 0.6113563559418992 0.7912690362243602 0.03576678199135277 -7.220944264107038 0.8237776708144722 14.733973109970096 12 WARN -0.0016538003692403436 0.05168524011969566 0.014585647882649686 7.4668681964120935 0.01848018803032417 8.32471990969699 2.033452389091471
"SAI 116" 177.3216159292842 -62.22530796039548 6.0 1.40705 0.29509301076101413 8.685 0.0 -0.015424401499330997 0.26741331815719604 -14.23254110820724 1.4772587992346686 0.05142153131534328 -6.226688070245349 1.2843344469221412 1.429286654167226 0.6906622251188251 0.11318568376076203 0.07581341189474065 0.17954697110576753 11.798386356793035 10 WARN 0.008027016185224056 0.04563836753368378 0.01955794129397379 7.792182631526297 -0.09932732510126925 5.089998968716599 1.1653143786197098
"SAI 16" 31.41295199398043 62.26536847331605 5.3999999999999995 4.67685 0.8585404350371334 9.15 0.0 -0.26029056310653687 0.1485549509525299 -66.93840144072813 5.994902918157851 0.049330242188726094 -0.6439642836113962 -0.2779230297727602 1.1846657239215646 0.9365792230844747 0.0984596310869666 -8.530855703798824 0.17267197115983948 14.499676765171651 12 WARN 0.05316609889268875 0.04706215858459473 0.08824937768220184 11.922340442698497 0.9974556374890012 16.52801515364093 3.5883985722959943
"STOCK 10" 84.81006266576652 37.805574576939854 24.9 3.3307 1.069004706880813 8.42 0.0 -0.24614666402339935 0.1473185271024704 -10.916067748181431 1.3760098406118069 0.045176714067570914 0.05575481598678383 -0.9649314096147283 0.6048287046826663 1.294324795024092 0.024009516996605265 0.13586215020305648 0.7905241937790024 12.344103569700962 8 WARN 0.039435598999261856 0.04339738190174103 0.24300455196633605 11.599059629559774 0.8287832653616364 10.467990632368117 2.5717787820928972
"STOCK 21" 7.5617616768792555 57.93067647863831 9.3 4.0648 0.8085307758864566 8.825 0.0 -0.33024823665618896 0.15651240944862366 -47.00285968104949 2.1829162486293003 0.039927629636469175 -2.284128687845409 -1.925437780379289 0.6185159318390856 0.43862226946925725 0.058725725329494105 8.61599102180766 0.8202930913701484 11.166791621948542 7 WARN 0.07994169741868973 0.0554775707423687 0.3082866498436264 10.910982793087454 0.7663976244894655 7.067084118309189 1.598203510471911
"TEUTSCH 23" 356.9629361263897 62.99730309728479 3.5999999999999996 4.15105 1.3884929984969314 7.1 0.0 -0.14409694075584412 0.13568612933158875 -89.7774091362646 5.999999999999999 0.04274852299489203 -1.8034159050291865 -0.765009330702939 1.9789322622307968 0.8181340874387109 0.07642242038768725 -3.4424857017623696 0.12885358234394606 10.392875688180727 10 WARN 0.15679271519184113 0.13831068575382233 0.1061186370635315 10.774127381275251 0.747612989445309 20.292220241011815 4.629535332342133
"TEUTSCH 51" 88.4599100272274 26.830073235052936 7.199999999999999 3.8268500000000003 0.5051536380701969 8.725 0.034 -0.3182072639465332 0.021787088364362717 17.16271521117174 1.4186505806064822 0.0707355932782642 0.5749676832459888 -0.5487298837582704 0.4742171786765523 0.5431062793255556 0.11920096923117825 -3.3538738103939147 0.8231976499568268 16.274554095892775 7 GOOD 0.03638475388288498 0.027120506390929222 0.0712206455651436 12.123555825493584 0.956223638739486 6.1821178165422666 1.464142721887039
"TEUTSCH 85" 258.300150992793 -39.659931020855886 7.0 1.7699 0.510338974495275 6.6 0.0 0.09998344630002975 0.34243226051330566 -53.61825765094314 4.848172673375846 0.03537010947202742 -4.551890770866048 -5.578925532931918 1.037028993883154 0.6967326560609954 0.03777408628938135 8.505557112476964 0.7758303628919049 14.629944299798536 4 INSU 0.08218559622764587 0.13065946102142334 0.010324905401628535 6.584293792430821 -0.4253491095481539 6.837992366962303 0.850153089235476
"TRUMPLER 5" 99.1197744055173 9.470042529876629 21.0 3.0141 0.24264401654570442 9.5 0.0 -0.42865246534347534 0.021828727796673775 50.159329795848556 2.017314818367608 0.08287393359087056 -0.5895060625447323 0.3181695207518366 0.4813298896255709 0.5170791464993075 0.1354561930256115 -8.220558328090531 0.7907584043359207 19.715463843324656 11 GOOD 0.028355419635772705 0.0305147934705019 0.08958113921033867 11.139196461673171 0.7214589282287261 5.062725329419445 1.0647243965342779
"VDBERGH-HAGEN 131" 186.54064190093894 -63.400030558317155 5.3999999999999995 2.3928 0.5246018591439454 9.2 0.0 0.15191853046417236 0.07126986980438232 -31.894320763453134 1.6832737161611635 0.07661880437012103 -5.998171825554681 0.18841134681356664 0.6717776125990303 0.715373960484912 0.06322615140523391 -8.07420549274055 0.7623475440060403 28.120620122154012 13 GOOD -0.03847472369670868 0.03280138969421387 0.004760220123286498 7.395431037111936 -0.14322131144034156 5.8138718704807495 1.3316296098682165
